Coverage Report by instance with details

=================================================================================
=== Instance: /Module_topTestbench/cu_dut_iface
=== Design Unit: work.Iface_CU
=================================================================================
Statement Coverage:
    Enabled Coverage              Bins      Hits    Misses  Coverage
    ----------------              ----      ----    ------  --------
    Statements                      20        20         0   100.00%

================================Statement Details================================

Statement Coverage for instance /Module_topTestbench/cu_dut_iface --

    Line         Item                      Count     Source 
    ----         ----                      -----     ------ 
  File ../tb/Iface_CU.sv
    114             1                          1     
    117             1                          1     
    117             2                          1     
    118             1                          1     
    118             2                          1     
    118             3                          1     
    118             4                          1     
    119             1                          1     
    119             2                          1     
    119             3                          1     
    119             4                          1     
    119             5                          1     
    119             6                          1     
    119             7                          1     
    120             1                          1     
    120             2                          1     
    120             3                          1     
    120             4                          1     
    120             5                          1     
    120             6                          1     

=================================================================================
=== Instance: /Module_topTestbench/cu_toplevel/DP_CU_inst
=== Design Unit: work.dlx_cu(dlx_cu_hw)
=================================================================================
Statement Coverage:
    Enabled Coverage              Bins      Hits    Misses  Coverage
    ----------------              ----      ----    ------  --------
    Statements                      84        84         0   100.00%

================================Statement Details================================

Statement Coverage for instance /Module_topTestbench/cu_toplevel/DP_CU_inst --

    Line         Item                      Count     Source 
    ----         ----                      -----     ------ 
  File ../src/a.a-CU_HW.vhd
    159             1                       3974     
    160             1                       3999     
    162             1                       3975     
    166             1                       1128     
    167             1                       2002     
    170             1                       1644     
    172             1                       1924     
    173             1                       3085     
    174             1                        498     
    177             1                       2043     
    178             1                       3082     
    179             1                       1201     
    180             1                       1994     
    181             1                        996     
    182             1                        522     
    185             1                         34     
    186             1                         24     
    187             1                       1994     
    188             1                       1127     
    191             1                       2042     
    192             1                       1886     
    201             1                         11     
    202             1                         11     
    203             1                         11     
    204             1                         11     
    205             1                         11     
    206             1                         11     
    211             1                       3990     
    212             1                       3990     
    213             1                       3990     
    214             1                       3990     
    215             1                       3990     
    216             1                       3990     
    226             1                       3730     
    234             1                       8001     
    243             1                        104     
    244             1                         86     
    245             1                        100     
    246             1                        114     
    247             1                        104     
    248             1                         76     
    249             1                        110     
    250             1                         84     
    251             1                        116     
    252             1                        104     
    255             1                        102     
    256             1                         92     
    257             1                         94     
    258             1                        100     
    259             1                         94     
    260             1                         88     
    261             1                        108     
    262             1                        106     
    263             1                        100     
    264             1                        118     
    265             1                         41     
    270             1                        534     
    271             1                        502     
    272             1                        528     
    273             1                        552     
    274             1                         34     
    275             1                         32     
    276             1                        240     
    277             1                        240     
    278             1                        172     
    279             1                        166     
    280             1                        170     
    281             1                        184     
    282             1                         38     
    283             1                         40     
    284             1                         28     
    285             1                         22     
    286             1                         32     
    289             1                        228     
    290             1                        216     
    291             1                         24     
    292             1                         22     
    293             1                         48     
    294             1                         30     
    295             1                        172     
    296             1                        188     
    297             1                        196     
    298             1                        196     
    299             1                       1126     

=================================================================================
=== Instance: /Module_topTestbench
=== Design Unit: work.Module_topTestbench
=================================================================================
Statement Coverage:
    Enabled Coverage              Bins      Hits    Misses  Coverage
    ----------------              ----      ----    ------  --------
    Statements                      11        11         0   100.00%

================================Statement Details================================

Statement Coverage for instance /Module_topTestbench --

    Line         Item                      Count     Source 
    ----         ----                      -----     ------ 
  File ../tb/Module_topTestbench.sv
    45              1                       8000     
    45              2                       7999     
    54              1                          1     
    56              1                          1     
    56              2                          1     
    58              1                          1     
    58              2                          1     
    100             1                          1     
    107             1                          1     
    110             1                          1     
    120             1                          1     

=================================================================================
=== Instance: /Module_topTestbench_sv_unit
=== Design Unit: work.Module_topTestbench_sv_unit
=================================================================================
Statement Coverage:
    Enabled Coverage              Bins      Hits    Misses  Coverage
    ----------------              ----      ----    ------  --------
    Statements                     132       120        12    90.90%

================================Statement Details================================

Statement Coverage for instance /Module_topTestbench_sv_unit --

    Line         Item                      Count     Source 
    ----         ----                      -----     ------ 
  File ../tb/Class_SimpleReportServer.sv
    24              1                    ***0***     
    27              1                    ***0***     
    31              1                    ***0***     
    59              1                    ***0***     
  File ../tb/Class_CU_Sequence.sv
    24              1                      12002     
    237             1                          1     
    241             1                          1     
    245             1                    ***0***     
    255             1                          1     
    259             1                       1000     
    263             1                       1000     
    268             1                       1000     
    344             1                       1000     
    348             1                          1     
    368             1                          1     
    372             1                          1     
    376             1                    ***0***     
    386             1                          1     
    390             1                       1000     
    394             1                       1000     
    399             1                       1000     
    422             1                       1000     
    426             1                          1     
    446             1                          1     
    450             1                          1     
    454             1                    ***0***     
    464             1                          1     
    468             1                       1000     
    472             1                       1000     
    477             1                       1000     
    525             1                       1000     
    529             1                          1     
    550             1                          1     
    554             1                          1     
    558             1                    ***0***     
    571             1                          1     
    575             1                       1000     
    579             1                       1000     
    584             1                       1000     
    599             1                       1000     
    603             1                          1     
  File ../tb/Class_CU_Driver.sv
    20              1                          1     
    33              1                          1     
    41              1                    ***0***     
    60              1                          1     
    62              1                          1     
    66              1                       4001     
    69              1                       4001     
    72              1                       4000     
    73              1                       4000     
    76              1                       4000     
  File ../tb/Class_CU_Monitor.sv
    32              1                          1     
    40              1                          1     
    43              1                          1     
    51              1                    ***0***     
    66              1                          1     
    68              1                          1     
    71              1                       4001     
    74              1                       4001     
    76              1                       4000     
    80              1                       4000     
    81              1                       4000     
    83              1                       4000     
    84              1                       4000     
    85              1                       4000     
    86              1                       4000     
    88              1                       4000     
    89              1                       4000     
    90              1                       4000     
    91              1                       4000     
    92              1                       4000     
    93              1                       4000     
    94              1                       4000     
    96              1                       4000     
    97              1                       4000     
    98              1                       4000     
    99              1                       4000     
    101             1                       4000     
    102             1                       4000     
    106             1                       4000     
  File ../tb/Class_CU_Agent.sv
    18              1                          1     
    37              1                          1     
    40              1                          1     
    43              1                          1     
    46              1                          1     
    54              1                          1     
    57              1                          1     
  File ../tb/Class_CU_CoverageTracker.sv
    36              1                          1     
    38              1                          1     
    46              1                          1     
    51              1                          1     
    56              1                       4000     
    61              1                          1     
    69              1                          1     
    77              1                    ***0***     
    83              1                          1     
    100             1                       4000     
    108             1                          1     
  File ../tb/Class_CU_Scoreboard.sv
    22              1                          1     
    32              1                          1     
    35              1                          1     
    59              1                       4000     
    66              1                       4000     
    71              1                       4000     
    72              1                       4000     
    78              1                       4000     
  File ../tb/Class_CU_Environment.sv
    19              1                          1     
    33              1                          1     
    36              1                          1     
    37              1                          1     
    38              1                          1     
    48              1                          1     
    51              1                          1     
    54              1                          1     
  File ../tb/Class_CU_Test.sv
    20              1                          1     
    33              1                          1     
    41              1                    ***0***     
    47              1                          1     
    55              1                          1     
    70              1                          1     
    75              1                          1     
    80              1                          1     
    85              1                          1     
    90              1                          1     
    93              1                          1     
    96              1                          1     
    100             1                          1     
    101             1                          1     
    102             1                          1     
    103             1                          1     
    107             1                          1     
    110             1                          1     

=================================================================================
=== Instance: /rf_pkg
=== Design Unit: work.rf_pkg
=================================================================================
Statement Coverage:
    Enabled Coverage              Bins      Hits    Misses  Coverage
    ----------------              ----      ----    ------  --------
    Statements                       5         0         5     0.00%

================================Statement Details================================

Statement Coverage for instance /rf_pkg --

    Line         Item                      Count     Source 
    ----         ----                      -----     ------ 
  File ../src/001-pkg-registerfile.vhd
    30              1                    ***0***     
    31              1                    ***0***     
    32              1                    ***0***     
    33              1                    ***0***     
    36              1                    ***0***     


Total Coverage By Instance (filtered view): 93.25%

